no_of_buses	no_of_lines	tolerance	no_of_iterations	base_V	base_VA		no_of_DGs		no_of_tie-lines
38	37	0.0001	100	220	10000	5	0
sl_no	from_bus	to_bus	r(Ohm)	x(Ohm)
1	1	2	0.00057	0.00029
2	2	3	0.00307	0.00156
3	2	19	0.00102	0.00097
4	3	4	0.00228	0.00116
5	3	23	0.00281	0.00192
6	4	5	0.00237	0.00121
7	5	6	0.0051	0.0044
8	6	7	0.00117	0.00385
9	6	26	0.00126	0.00064
10	7	8	0.00443	0.00146
11	8	9	0.00641	0.00461
12	8	34	0.01245	 0.01245
13	9	10	0.0065	0.00461
14	10	11	0.00122	0.00041
15	11	12	0.00233	0.00077
16	12	13	0.00914	0.00719
17	12	36	0.01245	0.01245
18	13	14	0.00337 0.00444
19	14	15	0.00368	0.00328
20	15	16	0.00465	0.00339
21	16	17	0.00803	0.01072
22	17	18	0.00456	0.00357
23	19	20	0.00937	0.00884
24	20	21	0.00225	0.00298
25	21	22	0.00441	0.00584
26	22	37	0.00311	0.00311
27	23	24	0.00559	0.00442
28	24	25	0.00558	0.00437
29	25	38	0.00311	0.00311
30	26	27	0.00177	0.0009
31	27	28	0.00659	0.00581
32	28	29	0.00501	0.00436
33	29	30	0.00316	0.00161
34  29  35  0.01245 0.01245
35  30  31  0.00607 0.006
36  31  32  0.00193 0.00225
37  32  33  0.00212 0.0033
bus	PL(pu)	QL01212(pu)	Ltype	Commercial=1	Industrial=2	Residential=3
1	0	0	4
2	0.1	0.06	4
3	0.09	0.04	4
4	0.12	0.08	4
5	0.06	0.03	4
6	0.06	0.02	4
7	0.2	    0.1 	4
8	0.2	    0.1	    4
9	0.06	0.02	4
10	0.06	0.02	4
11	0.045	0.03	4
12	0.06	0.035	4
13	0.06	0.035	4
14	0.12	0.08	4
15	0.06	0.01	4
16	0.06	0.02	4
17	0.06	0.02	4
18	0.09	0.035	4
19	0.09	0.04	4
20	0.09	0.04	4
21	0.09	0.04	4
22	0.09	0.04	4
23	0.09	0.05	4
24	0.42	0.2	4
25	0.42	0.2	4
26	0.06	0.025	4
27	0.06	0.025	4
28	0.06	0.02	4
29	0.12	0.07	4
30	0.2 	0.06	4
31	0.15	0.07	4
32	0.21	0.1	4
33	0.06	0.04	4
34	0	0	4
35	0	0	4
36	0	0	4
37	0	0	4
38	0	0	4
bus_no	mp(pu)	nq(pu)	Qmax	V0(pu)	type
34	0.0015	0.02	0.9 	1.0 	1
35	0.0015	0.03	0.9 	1.0 	1
36	0.0015	0.01	0.9 	1.0 	1
37	0.0015	0.06	0.9 	1.0 	1
38	0.0015	0.06	0.9 	1.0 	1
