no_of_buses	no_of_lines	tolerance	no_of_iterations	base_V	base_VA		no_of_DGs		no_of_tie-lines
38		37		0.000001	1000			220	1000		5			0
sl_no	from_bus	to_bus	r(pu)		x(pu)		Ltype	Commercial=1	Industrial=2	Residential=3
1	1		2	0.000574	0.000293
2	2		3	0.003070	0.001564
3	3		4	0.002279	0.001161
4	4		5	0.002373	0.001209
5	5		6	0.005100	0.004402
6	6		7	0.001166	0.003853
7	7		8	0.004430	0.001464
8	8		9	0.006413	0.004608
9	9		10	0.006501	0.004608
10	10		11	0.001224	0.000405
11	11		12	0.002331	0.000771
12	12		13	0.009141	0.007192
13	13		14	0.003372	0.004439
14	14		15	0.003680	0.003275
15	15		16	0.004647	0.003394
16	16		17	0.008026	0.010716
17	17		18	0.004558	0.003574
18	2		19	0.001021	0.000974
19	19		20	0.009366	0.00844
20	20		21	0.002550	0.002979
21	21		22	0.004414	0.005836
22	3		23	0.002809	0.00192
23	23		24	0.005592	0.004415
24	24		25	0.005579	0.004363
25	6		26	0.001264	0.000644
26	26		27	0.001770	0.000901
27	27		28	0.006594	0.005814
28	28		29	0.005007	0.004362
29	29		30	0.003160	0.00161
30	30		31	0.006067	0.005996
31	31		32	0.001933	0.002253
32	32		33	0.002123	0.003301
33	8		34	0.012453	0.012453
34	9		35	0.012453	0.012453
35	12		36	0.012453	0.012453
36	18		37	0.003113	0.003113
37	25		38	0.003113	0.003113
bus	PL(pu)	QL(pu)
1	0	0		0
2	0.1	    0.06		3
3	0.09	0.04		2
4	0.12	0.08		1
5	0.06	0.03		3
6	0.06	0.02		2
7	0.2	    0.1		1
8	0.2	    0.1		1
9	0.06	0.02		2
10	0.06	0.02		1
11	0.045	0.03		1
12	0.06	0.035		3
13	0.06	0.035		1
14	0.12	0.08		3
15	0.06	0.01		1
16	0.06	0.02		2
17	0.06	0.02		1
18	0.09	0.04		2
19	0.09	0.04		3
20	0.09	0.04		1
21	0.09	0.04		2
22	0.09	0.04		3
23	0.09	0.05		1
24	0.42	0.2		1
25	0.42	0.2		1
26	0.06	0.025		1
27	0.06	0.025		2
28	0.06	0.02		1
29	0.12	0.07		1
30	0.2	    0.6		1
31	0.15	0.07		3
32	0.21	0.1		3
33	0.06	0.04		1
34	0	0		0
35	0	0		0
36	0	0		0
37	0	0		0
38	0	0		0
bus_no	mp(pu)		nq(pu)	Qmax		V0(pu)	type 1=P-w,Q-V	2=P-V,Q-w	3=both
34	0.000751	0.01667	    1.8 	1.01	1
35	0.001502	0.03333	    0.9		1.01	1
36	0.004506	0.01	    0.3		1.01	1
37	0.002253	0.05	    0.6		1.01	1
38	0.004504	0.01	    0.3		1.01	1